24
133
61
169
9
191
94
171
96
162
22
160
87
198
50
120
6
172
188
51
101
62
150
147
157
189
114
135
187
127
7
157
69
196
15
178
60
105
92
200
96
181
44
129
83
200
87
176
82
110
85
164
29
131
66
174
4
145
85
116
10
167
16
146
94
186
84
188
53
134
11
120
62
113
33
136
93
154
83
109
79
129
22
196
40
186
10
158
173
64
112
79
184
57
184
45
192
52
132
135
125
188
144
184
194
171
123
144
179
159
174
152
169
151
198
173
176
186
198
140
172
187
166
168
103
154
164
130
148
157
198
108
105
192
193
119
2
117
185
200
169
152
196
107
118
152
84
28
99
2
83
41
85
39
60
42
58
43
33
66
73
48
69
65
77
19
7
85
67
9
39
50
98
20
79
63
35
62
26
26
23
35
30
61
70
84
94
80
5
96
37
34
84
36
30
83
70
56
89
46
